0000 1.000000
0001 0.000000
0002 30.000000
0003 0.000000
0004 0.000000
0005 0.000000
0006 0.000000
0007 30.000000
0008 29.000000
0009 0.000000
000A 0.000000
000B 1.000000
000C 0.000000
000D 0.000000
000E 29.000000
000F 0.000000
0010 1000.000000
0011 0.000000
0012 1000.000000
0013 2.000000
0014 2000.000000
0015 0.000000
0016 2000.000000
0017 0.000000
0018 1000.000000
0019 0.000000
001A 0.000000
001B 1.100000
001C 42164.000000
001D 42164000.000000
001E 38330909.090909
001F 1004.000000
0020 1001.000000
0021 -3.000000
0022 0.000000
0023 0.000000
0024 1.500000
0025 28109333.333333
0026 1003.000000
0027 -2.000000
0028 0.000000
0029 0.000000
002A 21082000.000000
002B 1002.000000
002C -1.000000
002D 0.000000
002E 0.000000
002F 1001.000000
0030 0.000000
0031 0.000000
0032 42164000.000000
0033 0.000000
0034 42164000.000000
0035 0.000000
0036 0.000000
0037 6457000.000000
0038 0.000000
0039 0.000000
003A 0.000000
003B 0.000000
003C -6357000.000000
003D 0.000000
003E 0.000000
003F 0.000000
0040 0.000000
0041 0.000000
0042 0.000000
0043 0.000000
0044 0.000000
0045 0.000000
0046 0.000000
0047 0.000000
0048 0.000000
0049 0.000000
004A 0.000000
004B 0.000000
004C 0.000000
004D 0.000000
004E 8357000.000000
004F 0.000000
0050 0.000000
0051 6357000.000000
0052 0.000000
0053 0.000000
0054 6557000.000000
0055 0.000000
0056 6557000.000000
0057 0.000000
0058 6557000.000000
0059 -6557000.000000
005A 42994249000000.000000
005B 42994249000000.000000
005C 6557000.000000
005D 42994249000000.000000
005E 281913290693000000000.000000
005F 0.000000
0060 5999999999999999900000000.000000
0061 0.000000
0062 5999999999999999900000000.000000
0063 0.000000
0064 400456799999999.940000
0065 0.000001
0066 0.000000
0067 0.000000
0068 1.000000
0069 0.000000
006A 0.000000
006B 1.000000
006C 0.500000
006D 0.000000
006E 0.000000
006F -6922.335359
0070 0.000000
0071 0.000000
0072 -4719.317909
0073 0.000000
0074 0.000000
0075 -7814.932739
0076 0.000000
0077 -7814.932739
0078 0.000000
0079 -7814.932739
007A -7814.932739
007B -7814.932739
007C -7814.932739
007D -7814.932739
007E 61073173.707488
007F -9.314195
0080 0.000000
0081 0.000000
0082 -9.314195
0083 -4.657097
0084 0.000000
0085 -7875.215433
0086 0.000000
0087 0.000000
0088 0.000000
0089 0.000000
008A 0.000000
008B 0.000000
008C 0.000000
008D 0.000000
008E 0.000000
008F 0.000000
0090 0.000000
0091 6557000.000000
0092 6556995.342903
0093 6556995.342903
0094 42994187926847.984000
0095 42994249000021.695000
0096 6557000.000002
0097 -35606999.999998
0098 35606999.999998
0099 -35606999.999998
009A 0.000000
009B 35606999.999998
009C 35606999.999998
009D 0.000000
009E 0.000000
009F 0.000000
00A0 0.000000
00A1 0.000000
00A2 0.000000
00A3 35606999.999998
00A4 35605999.999998
00A5 0.000000
00A6 0.000000
00A7 7814.932739
00A8 61073173.707488
00A9 -6556995.342903
00AA 42994187926847.984000
00AB 42994249000021.695000
00AC 6557000.000002
00AD 42994249000021.687000
00AE 281913290693213320000.000000
00AF 0.000001
00B0 0.011101
00B1 0.011101
00B2 0.005551
00B3 0.005551
00B4 0.005551
00B5 -7814.927188
00B6 -9.314188
00B7 -18.628382
00B8 -9.314191
00B9 -9.314191
00BA -9.314191
00BB -9.314191
00BC 0.000000
00BD 1.000000
00BE 0.000000
00BF 0.000000
00C0 0.000000
00C1 0.000000
00C2 0.000000
00C3 0.000000
00C4 0.000000
00C5 1.000000
00C6 0.000000
00C7 1.000000
00C8 0.000000
00C9 0.000000
00CA 0.000000
00CB 0.000000
00CC 0.000000
00CD 0.000000
00CE 1.000000
00CF 0.000000
00D0 1.000000
00D1 0.000000
00D2 1.000000
00D3 0.000000
00D4 0.000000
00D5 0.000000
00D6 10000.000000
00D7 0.000000
00D8 10000.000000
00D9 0.000000
00DA 10000.000000
00DB 25.000000
00DC 45.000000
00DD 0.000000
00DE 0.000000
00DF 0.000000
00E0 30.000000
00E1 55.000000
00E2 900.000000
00E3 900.000000
00E4 900.000000
00E5 0.000000
00E6 0.000000
00E7 10000.000000
00E8 -1.000000
00E9 0.000000
00EA 0.000000
00EB 10000.000000
00EC 0.000000
00ED 0.000000
00EE 6357000.000000
00EF 200000.000002
00F0 0.000000
00F1 0.000000
00F2 0.000000
00F3 0.000000
00F4 0.000000
00F5 0.000000
00F6 0.000000
00F7 0.000000
00F8 1.000000
00F9 0.000000
00FA 0.000000
00FB 5999999999999999900000000.000000
00FC 0.000000
00FD 0.000000
00FE 6556995.342903
00FF -7814.932739
0100 1.000000
0101 -9.314191
0102 -7814.927188
0103 0.000000
0104 0.000000
0105 10000.000000
0106 42164000.000000
0107 1000.000000
0108 2000.000000
0109 29.000000