0000 1.000000
0001 0.000000
0002 30.000000
0003 0.000000
0004 0.000000
0005 0.000000
0006 0.000000
0007 0.000000
0008 -1.000000
0009 0.000000
000A 0.000000
000B 0.000000
000C -1.000000
000D 0.000000
000E 0.000000
000F 0.000000
0010 1000.000000
0011 0.000000
0012 0.000000
0013 2.000000
0014 0.000000
0015 0.000000
0016 0.000000
0017 0.000000
0018 -1.000000
0019 0.000000
001A 0.000000
001B 1.100000
001C 42164.000000
001D 42164000.000000
001E 38330909.090909
001F 1004.000000
0020 1001.000000
0021 -3.000000
0022 0.000000
0023 0.000000
0024 1.500000
0025 28109333.333333
0026 1003.000000
0027 -2.000000
0028 0.000000
0029 0.000000
002A 21082000.000000
002B 1002.000000
002C -1.000000
002D 0.000000
002E 0.000000
002F 1001.000000
0030 0.000000
0031 0.000000
0032 0.000000
0033 0.000000
0034 0.000000
0035 0.000000
0036 0.000000
0037 6457000.000000
0038 0.000000
0039 0.000000
003A 0.000000
003B 0.000000
003C -6357000.000000
003D 0.000000
003E 0.000000
003F 0.000000
0040 0.000000
0041 0.000000
0042 0.000000
0043 0.000000
0044 0.000000
0045 0.000000
0046 0.000000
0047 0.000000
0048 0.000000
0049 0.000000
004A 0.000000
004B 0.000000
004C 0.000000
004D 0.000000
004E 8357000.000000
004F 0.000000
0050 0.000000
0051 6357000.000000
0052 0.000000
0053 0.000000
0054 6557000.000000
0055 0.000000
0056 0.000000
0057 0.000000
0058 0.000000
0059 0.000000
005A 0.000000
005B 0.000000
005C 0.000000
005D 0.000000
005E 0.000000
005F 0.000000
0060 5999999999999999900000000.000000
0061 0.000000
0062 0.000000
0063 0.000000
0064 0.000000
0065 0.000000
0066 0.000000
0067 0.000000
0068 1.000000
0069 0.000000
006A 0.000000
006B 1.000000
006C 0.500000
006D 0.000000
006E 0.000000
006F -6922.335359
0070 0.000000
0071 0.000000
0072 -4719.317909
0073 0.000000
0074 0.000000
0075 -7814.932739
0076 0.000000
0077 0.000000
0078 0.000000
0079 0.000000
007A 0.000000
007B 0.000000
007C 0.000000
007D 0.000000
007E 0.000000
007F 0.000000
0080 0.000000
0081 0.000000
0082 0.000000
0083 0.000000
0084 0.000000
0085 -7875.215433
0086 0.000000
0087 0.000000
0088 0.000000
0089 0.000000
008A 0.000000
008B 0.000000
008C 0.000000
008D 0.000000
008E 0.000000
008F 0.000000
0090 0.000000
0091 0.000000
0092 0.000000
0093 0.000000
0094 0.000000
0095 0.000000
0096 0.000000
0097 0.000000
0098 0.000000
0099 0.000000
009A 0.000000
009B 0.000000
009C 0.000000
009D 0.000000
009E 0.000000
009F 0.000000
00A0 0.000000
00A1 0.000000
00A2 0.000000
00A3 0.000000
00A4 -1000.000000
00A5 0.000000
00A6 0.000000
00A7 0.000000
00A8 0.000000
00A9 0.000000
00AA 0.000000
00AB 0.000000
00AC 0.000000
00AD 0.000000
00AE 0.000000
00AF 0.000000
00B0 0.000000
00B1 0.000000
00B2 0.000000
00B3 0.000000
00B4 0.000000
00B5 0.000000
00B6 0.000000
00B7 0.000000
00B8 0.000000
00B9 0.000000
00BA 0.000000
00BB 0.000000
00BC 0.000000
00BD 1.000000
00BE 0.000000
00BF 0.000000
00C0 0.000000
00C1 0.000000
00C2 0.000000
00C3 0.000000
00C4 0.000000
00C5 0.000000
00C6 0.000000
00C7 0.000000
00C8 0.000000
00C9 0.000000
00CA 0.000000
00CB 0.000000
00CC 0.000000
00CD 0.000000
00CE 1.000000
00CF 0.000000
00D0 1.000000
00D1 0.000000
00D2 0.000000
00D3 0.000000
00D4 0.000000
00D5 0.000000
00D6 10000.000000
00D7 0.000000
00D8 0.000000
00D9 0.000000
00DA 0.000000
00DB 25.000000
00DC 45.000000
00DD 10000.000000
00DE 1.000000
00DF 45.000000
00E0 45.000000
00E1 70.000000
00E2 900.000000
00E3 900.000000
00E4 900.000000
00E5 0.000000
00E6 0.000000
00E7 0.000000
00E8 -1.000000
00E9 0.000000
00EA 0.000000
00EB 10000.000000
00EC 0.000000
00ED 0.000000
00EE 6357000.000000
00EF -6357000.000000
00F0 0.000000
00F1 -1.000000
00F2 0.000000
00F3 0.000000
00F4 0.000000
00F5 0.000000
00F6 0.000000
00F7 0.000000
00F8 1.000000
00F9 0.000000
00FA 0.000000
00FB 0.000000
00FC 0.000000
00FD 0.000000
00FE 0.000000
00FF 0.000000
0100 0.000000
0101 0.000000
0102 0.000000
0103 0.000000
0104 0.000000
0105 0.000000
0106 0.000000
0107 -1.000000
0108 0.000000
0109 0.000000
